0 0.215388 27.7349 0.652697
1.52588e-05 0.215487 27.7403 0.652741
3.05176e-05 0.215586 27.7458 0.652785
4.57764e-05 0.215686 27.7513 0.652829
6.10352e-05 0.215785 27.7567 0.652872
7.62939e-05 0.215885 27.7622 0.652916
9.15527e-05 0.215984 27.7677 0.65296
0.000106812 0.216084 27.7731 0.653004
0.00012207 0.216183 27.7786 0.653048
0.000137329 0.216283 27.7841 0.653091
0.000152588 0.216382 27.7896 0.653135
0.000167847 0.216482 27.795 0.653179
0.000183105 0.216582 27.8005 0.653223
0.000198364 0.216681 27.806 0.653267
0.000213623 0.216781 27.8115 0.653311
0.000228882 0.21688 27.817 0.653355
0.000244141 0.21698 27.8225 0.653399
0.000259399 0.217079 27.828 0.653442
0.000274658 0.217179 27.8335 0.653486
0.000289917 0.217279 27.839 0.65353
0.000305176 0.217378 27.8445 0.653574
0.000320435 0.217478 27.85 0.653618
0.000335693 0.217577 27.8555 0.653662
0.000350952 0.217677 27.861 0.653706
0.000366211 0.217777 27.8665 0.65375
0.00038147 0.217876 27.872 0.653794
0.000396729 0.217976 27.8775 0.653838
0.000411987 0.218075 27.883 0.653882
0.000427246 0.218175 27.8885 0.653927
0.000442505 0.218275 27.894 0.653971
0.000457764 0.218374 27.8995 0.654015
0.000473022 0.218474 27.9051 0.654059
0.000488281 0.218574 27.9106 0.654103
0.00050354 0.218673 27.9161 0.654147
0.000518799 0.218773 27.9216 0.654191
0.000534058 0.218873 27.9272 0.654235
0.000549316 0.218973 27.9327 0.65428
0.000564575 0.219072 27.9382 0.654324
0.000579834 0.219172 27.9437 0.654368
0.000595093 0.219272 27.9493 0.654412
0.000610352 0.219371 27.9548 0.654456
0.00062561 0.219471 27.9604 0.654501
0.000640869 0.219571 27.9659 0.654545
0.000656128 0.219671 27.9714 0.654589
0.000671387 0.21977 27.977 0.654633
0.000686646 0.21987 27.9825 0.654678
0.000701904 0.21997 27.9881 0.654722
0.000717163 0.22007 27.9936 0.654766
0.000732422 0.220169 27.9992 0.654811
0.000747681 0.220269 28.0047 0.654855
0.000762939 0.220369 28.0103 0.654899
0.000778198 0.220469 28.0159 0.654944
0.000793457 0.220569 28.0214 0.654988
0.000808716 0.220668 28.027 0.655032
0.000823975 0.220768 28.0325 0.655077
0.000839233 0.220868 28.0381 0.655121
0.000854492 0.220968 28.0437 0.655166
0.000869751 0.221068 28.0493 0.65521
0.00088501 0.221167 28.0548 0.655254
0.000900269 0.221267 28.0604 0.655299
0.000915527 0.221367 28.066 0.655343
0.000930786 0.221467 28.0716 0.655388
0.000946045 0.221567 28.0771 0.655432
0.000961304 0.221667 28.0827 0.655477
0.000976562 0.221767 28.0883 0.655521
0.000991821 0.221867 28.0939 0.655566
0.00100708 0.221966 28.0995 0.65561
0.00102234 0.222066 28.1051 0.655655
0.0010376 0.222166 28.1107 0.6557
0.00105286 0.222266 28.1163 0.655744
0.00106812 0.222366 28.1219 0.655789
0.00108337 0.222466 28.1275 0.655833
0.00109863 0.222566 28.1331 0.655878
0.00111389 0.222666 28.1387 0.655923
0.00112915 0.222766 28.1443 0.655967
0.00114441 0.222866 28.1499 0.656012
0.00115967 0.222966 28.1555 0.656057
0.00117493 0.223066 28.1611 0.656101
0.00119019 0.223166 28.1667 0.656146
0.00120544 0.223266 28.1723 0.656191
0.0012207 0.223366 28.1779 0.656235
0.00123596 0.223466 28.1836 0.65628
0.00125122 0.223566 28.1892 0.656325
0.00126648 0.223666 28.1948 0.65637
0.00128174 0.223766 28.2004 0.656414
0.001297 0.223866 28.2061 0.656459
0.00131226 0.223966 28.2117 0.656504
0.00132751 0.224066 28.2173 0.656549
0.00134277 0.224166 28.223 0.656594
0.00135803 0.224266 28.2286 0.656639
0.00137329 0.224366 28.2342 0.656683
0.00138855 0.224466 28.2399 0.656728
0.00140381 0.224566 28.2455 0.656773
0.00141907 0.224666 28.2512 0.656818
0.00143433 0.224766 28.2568 0.656863
0.00144958 0.224866 28.2625 0.656908
0.00146484 0.224966 28.2681 0.656953
0.0014801 0.225066 28.2738 0.656998
0.00149536 0.225166 28.2794 0.657043
0.00151062 0.225267 28.2851 0.657088
0.00152588 0.225367 28.2907 0.657133
0.00154114 0.225467 28.2964 0.657178
0.0015564 0.225567 28.302 0.657223
0.00157166 0.225667 28.3077 0.657268
0.00158691 0.225767 28.3134 0.657313
0.00160217 0.225867 28.319 0.657358
0.00161743 0.225968 28.3247 0.657403
0.00163269 0.226068 28.3304 0.657448
0.00164795 0.226168 28.3361 0.657493
0.00166321 0.226268 28.3417 0.657538
0.00167847 0.226368 28.3474 0.657583
0.00169373 0.226468 28.3531 0.657628
0.00170898 0.226569 28.3588 0.657673
0.00172424 0.226669 28.3645 0.657719
0.0017395 0.226769 28.3702 0.657764
0.00175476 0.226869 28.3758 0.657809
0.00177002 0.226969 28.3815 0.657854
0.00178528 0.22707 28.3872 0.657899
0.00180054 0.22717 28.3929 0.657944
0.0018158 0.22727 28.3986 0.65799
0.00183105 0.22737 28.4043 0.658035
0.00184631 0.227471 28.41 0.65808
0.00186157 0.227571 28.4157 0.658125
0.00187683 0.227671 28.4214 0.658171
0.00189209 0.227771 28.4271 0.658216
0.00190735 0.227872 28.4329 0.658261
0.00192261 0.227972 28.4386 0.658307
0.00193787 0.228072 28.4443 0.658352
0.00195312 0.228173 28.45 0.658397
0.00196838 0.228273 28.4557 0.658443
0.00198364 0.228373 28.4614 0.658488
0.0019989 0.228474 28.4672 0.658533
0.00201416 0.228574 28.4729 0.658579
0.00202942 0.228674 28.4786 0.658624
0.00204468 0.228775 28.4843 0.65867
0.00205994 0.228875 28.4901 0.658715
0.0020752 0.228975 28.4958 0.658761
0.00209045 0.229076 28.5015 0.658806
0.00210571 0.229176 28.5073 0.658852
0.00212097 0.229276 28.513 0.658897
0.00213623 0.229377 28.5188 0.658943
0.00215149 0.229477 28.5245 0.658988
0.00216675 0.229577 28.5302 0.659034
0.00218201 0.229678 28.536 0.659079
0.00219727 0.229778 28.5417 0.659125
0.00221252 0.229879 28.5475 0.65917
0.00222778 0.229979 28.5532 0.659216
0.00224304 0.23008 28.559 0.659261
0.0022583 0.23018 28.5648 0.659307
0.00227356 0.23028 28.5705 0.659353
0.00228882 0.230381 28.5763 0.659398
0.00230408 0.230481 28.5821 0.659444
0.00231934 0.230582 28.5878 0.65949
0.00233459 0.230682 28.5936 0.659535
0.00234985 0.230783 28.5994 0.659581
0.00236511 0.230883 28.6051 0.659627
0.00238037 0.230984 28.6109 0.659672
0.00239563 0.231084 28.6167 0.659718
0.00241089 0.231185 28.6225 0.659764
0.00242615 0.231285 28.6282 0.65981
0.00244141 0.231386 28.634 0.659855
0.00245667 0.231486 28.6398 0.659901
0.00247192 0.231587 28.6456 0.659947
0.00248718 0.231687 28.6514 0.659993
0.00250244 0.231788 28.6572 0.660039
0.0025177 0.231888 28.663 0.660084
0.00253296 0.231989 28.6688 0.66013
0.00254822 0.232089 28.6746 0.660176
0.00256348 0.23219 28.6804 0.660222
0.00257874 0.232291 28.6862 0.660268
0.00259399 0.232391 28.692 0.660314
0.00260925 0.232492 28.6978 0.66036
0.00262451 0.232592 28.7036 0.660406
0.00263977 0.232693 28.7094 0.660452
0.00265503 0.232794 28.7152 0.660498
0.00267029 0.232894 28.721 0.660544
0.00268555 0.232995 28.7269 0.660589
0.00270081 0.233095 28.7327 0.660635
0.00271606 0.233196 28.7385 0.660681
0.00273132 0.233297 28.7443 0.660728
0.00274658 0.233397 28.7501 0.660774
0.00276184 0.233498 28.756 0.66082
0.0027771 0.233599 28.7618 0.660866
0.00279236 0.233699 28.7676 0.660912
0.00280762 0.2338 28.7735 0.660958
0.00282288 0.233901 28.7793 0.661004
0.00283813 0.234001 28.7852 0.66105
0.00285339 0.234102 28.791 0.661096
0.00286865 0.234203 28.7968 0.661142
0.00288391 0.234303 28.8027 0.661188
0.00289917 0.234404 28.8085 0.661235
0.00291443 0.234505 28.8144 0.661281
0.00292969 0.234606 28.8202 0.661327
0.00294495 0.234706 28.8261 0.661373
0.00296021 0.234807 28.8319 0.661419
0.00297546 0.234908 28.8378 0.661466
0.00299072 0.235009 28.8437 0.661512
0.00300598 0.235109 28.8495 0.661558
0.00302124 0.23521 28.8554 0.661605
0.0030365 0.235311 28.8613 0.661651
0.00305176 0.235412 28.8671 0.661697
0.00306702 0.235512 28.873 0.661743
0.00308228 0.235613 28.8789 0.66179
0.00309753 0.235714 28.8848 0.661836
0.00311279 0.235815 28.8906 0.661882
